0.05506520718336105 -0.03369933366775513 0.15298092365264893 0.17550276219844818
0.14910462498664856 0.049830302596092224 0.179874986410141 0.18095538020133972
0.1831192970275879 0.034001439809799194 0.23991402983665466 0.18667840957641602
0.12354940921068192 0.028006836771965027 0.24818867444992065 0.1979975551366806
0.10526325553655624 0.02562609314918518 0.2571668326854706 0.20158624649047852
0.09964274615049362 0.0317094549536705 0.26183024048805237 0.2015431970357895
0.09444477409124374 0.03343702852725983 0.2684768736362457 0.2007424235343933
0.08486592024564743 0.03479430824518204 0.2737204134464264 0.20031359791755676
0.07621293514966965 0.03661482781171799 0.2770727276802063 0.1999586969614029
0.06902403384447098 0.039013102650642395 0.27916502952575684 0.1995721012353897
0.0628066435456276 0.04119575023651123 0.2807099521160126 0.19920110702514648
0.05709237605333328 0.04319894313812256 0.28182342648506165 0.1988944560289383
0.051921822130680084 0.04513366520404816 0.28253471851348877 0.198637455701828
0.047323815524578094 0.047016531229019165 0.2829374670982361 0.19841423630714417
0.0432545468211174 0.04879535734653473 0.28313305974006653 0.19821850955486298
0.03964129835367203 0.05045609176158905 0.28318411111831665 0.19804856181144714
0.03642994910478592 0.05200566351413727 0.28312909603118896 0.19790147244930267
0.03357922285795212 0.05344976484775543 0.2829987108707428 0.19777360558509827
0.031051240861415863 0.05478955805301666 0.2828178107738495 0.19766190648078918
0.01005794107913971 -0.08619622141122818 0.14348986744880676 0.20135822892189026
0.0443146750330925 -0.05524926632642746 0.1734723150730133 0.20625731348991394
0.047300659120082855 -0.0393306203186512 0.18698328733444214 0.21419179439544678
0.026327870786190033 -0.02733001857995987 0.18486610054969788 0.21941792964935303
0.018872104585170746 -0.02931719273328781 0.19089698791503906 0.22043362259864807
0.011168912053108215 -0.027636222541332245 0.1958150565624237 0.22081589698791504
0.0005835294723510742 -0.025051984935998917 0.2002028524875641 0.22103439271450043
-0.012250207364559174 -0.021702490746974945 0.2039181888103485 0.22125625610351562
-0.024724826216697693 -0.01880311220884323 0.20721778273582458 0.22139590978622437
-0.03691651299595833 -0.015614725649356842 0.21021592617034912 0.22145846486091614
-0.04896961525082588 -0.011980868875980377 0.21298345923423767 0.22150593996047974
-0.0608234629034996 -0.007867902517318726 0.215511292219162 0.22157776355743408
-0.07229087501764297 -0.0033783316612243652 0.2177903652191162 0.22167687118053436
-0.0833088830113411 0.0014558136463165283 0.21983414888381958 0.22180739045143127
-0.09386714547872543 0.006604611873626709 0.2216627597808838 0.22197334468364716
-0.10396263003349304 0.012031413614749908 0.22329288721084595 0.22217495739459991
-0.11359217762947083 0.017688646912574768 0.22473976016044617 0.2224082499742508
-0.12276200950145721 0.02353033423423767 0.2260195016860962 0.22266767919063568
-0.1314854919910431 0.0295138880610466 0.2271486222743988 0.22294718027114868
-0.13977915048599243 0.03559990972280502 0.22814276814460754 0.22324079275131226
-0.14766043424606323 0.04175189137458801 0.22901636362075806 0.223542720079422
-0.15514706075191498 0.047936469316482544 0.2297826111316681 0.22384777665138245
-0.16225674748420715 0.054123654961586 0.23045337200164795 0.22415155172348022
-0.08247899264097214 0.02005946636199951 0.07990248501300812 0.20431555807590485
-0.109942227602005 0.05895783007144928 0.08830376714468002 0.23445764183998108
-0.1200946569442749 0.07434920966625214 0.09030793607234955 0.2543855309486389
-0.12968571484088898 0.08328208327293396 0.08751221746206284 0.26621294021606445
-0.13312648236751556 0.08312094211578369 0.09625153988599777 0.27135202288627625
-0.13706716895103455 0.08106973767280579 0.10456271469593048 0.2747111916542053
-0.140518456697464 0.07709287106990814 0.11221893876791 0.27713334560394287
-0.14367824792861938 0.07199832797050476 0.11901797354221344 0.279053270816803
-0.14643262326717377 0.06591562926769257 0.12522761523723602 0.2807484269142151
-0.14926297962665558 0.059544965624809265 0.1306796669960022 0.2822831869125366
-0.15224891901016235 0.053189411759376526 0.13533177971839905 0.283683717250824
-0.15537521243095398 0.046995848417282104 0.1392057240009308 0.2849540710449219
-0.15860073268413544 0.04100868105888367 0.1423656940460205 0.2861001491546631
-0.1619177758693695 0.03526356816291809 0.14487814903259277 0.2871321737766266
-0.1653060019016266 0.029773160815238953 0.14681002497673035 0.2880617380142212
-0.1687362790107727 0.024532102048397064 0.14822602272033691 0.28890037536621094
-0.1721789836883545 0.01952400803565979 0.14918813109397888 0.2896590828895569
-0.1756095588207245 0.014729693531990051 0.1497536301612854 0.29034847021102905
-0.17900702357292175 0.010129652917385101 0.14997467398643494 0.2909780442714691
-0.13229134678840637 -0.03691600263118744 0.08572462946176529 0.14255809783935547
-0.12162938714027405 -0.0022889822721481323 0.06309545040130615 0.16142138838768005
-0.11598281562328339 0.011846043169498444 0.049409639090299606 0.17228266596794128
-0.11996979266405106 0.01831170916557312 0.04427617788314819 0.17826059460639954
-0.12421554327011108 0.015105515718460083 0.04914475604891777 0.1790052354335785
-0.12716548144817352 0.013189747929573059 0.05494377017021179 0.17772480845451355
-0.12940776348114014 0.010557562112808228 0.06152987480163574 0.17567208409309387
-0.13159437477588654 0.006738528609275818 0.06905774027109146 0.17348095774650574
-0.13369227945804596 0.0019525587558746338 0.0771956741809845 0.17142757773399353
-0.13580788671970367 -0.0028900429606437683 0.08543018251657486 0.16960397362709045
-0.13793796300888062 -0.007499314844608307 0.09350097179412842 0.16803686320781708
-0.14006160199642181 -0.011804543435573578 0.10128602385520935 0.16671761870384216
-0.14215755462646484 -0.015758760273456573 0.10870269685983658 0.16561616957187653
-0.14422528445720673 -0.01930098980665207 0.11568699032068253 0.16469959914684296
-0.14626029133796692 -0.022410351783037186 0.12220187485218048 0.16393640637397766
-0.14825385808944702 -0.0250999815762043 0.12823399901390076 0.16329838335514069
-0.1501980423927307 -0.02739747241139412 0.13378609716892242 0.16276133060455322
-0.15208756923675537 -0.029334470629692078 0.1388709843158722 0.16230535507202148
-0.15391844511032104 -0.030945107340812683 0.143508642911911 0.16191454231739044
-0.15568682551383972 -0.03226470574736595 0.14772376418113708 0.16157622635364532
-0.15738940238952637 -0.03332793340086937 0.15154391527175903 0.16128042340278625
-0.1590234637260437 -0.03416740894317627 0.1549977958202362 0.16101934015750885
-0.16058696806430817 -0.03481316566467285 0.15811437368392944 0.16078688204288483
-0.12607455253601074 0.001438230276107788 -0.009441755712032318 0.1387554556131363
-0.10975875705480576 0.009074687957763672 -0.011905297636985779 0.15043072402477264
-0.09938260912895203 0.029581762850284576 -0.024837397038936615 0.16160772740840912
-0.0952376127243042 0.054554134607315063 -0.034511543810367584 0.1686072051525116
-0.0943308174610138 0.07269583642482758 -0.03650704771280289 0.17206524312496185
-0.09016497433185577 0.08816215395927429 -0.03360258787870407 0.17445914447307587
-0.08549641072750092 0.10248352587223053 -0.02791370451450348 0.17578786611557007
-0.08166419714689255 0.11559067666530609 -0.019975312054157257 0.17648667097091675
-0.07898356020450592 0.12704840302467346 -0.010401733219623566 0.17685838043689728
-0.07727669924497604 0.13713400065898895 0.00013633817434310913 0.17704162001609802
-0.0765952467918396 0.14615996181964874 0.011137790977954865 0.17710906267166138
-0.07695960998535156 0.15431274473667145 0.022260624915361404 0.17711400985717773
-0.07830473780632019 0.16171129047870636 0.03325212374329567 0.17708881199359894
-0.08051210641860962 0.16847380995750427 0.043924763798713684 0.17704759538173676
-0.08345772325992584 0.1747022122144699 0.05415080115199089 0.17699453234672546
-0.08702006191015244 0.18047259747982025 0.06385085731744766 0.17692995071411133
-0.09108196198940277 0.1858399361371994 0.07298003882169724 0.17685283720493317
-0.09553342312574387 0.19084541499614716 0.08151830732822418 0.17676155269145966
-0.10027505457401276 0.1955198496580124 0.08946400880813599 0.17665454745292664
-0.10521867871284485 0.1998862475156784 0.0968288779258728 0.1765306442975998
-0.1102873757481575 0.2039618343114853 0.10363359749317169 0.17638924717903137
-0.04256470501422882 -0.022299200296401978 0.00434798002243042 0.16654320061206818
-0.009885050356388092 -0.028448376804590225 0.008511416614055634 0.17303086817264557
0.016570046544075012 -0.050798848271369934 0.0018765181303024292 0.17828534543514252
0.03230384737253189 -0.0868295431137085 -0.014701806008815765 0.1827661395072937
0.04656120389699936 -0.12083679437637329 -0.03065381944179535 0.185441255569458
0.06051810830831528 -0.15296012163162231 -0.04758737236261368 0.18786515295505524
0.07320108264684677 -0.1851765513420105 -0.06456755846738815 0.18997563421726227
0.08431429415941238 -0.21789637207984924 -0.08147487789392471 0.1918824017047882
0.09424065798521042 -0.250283420085907 -0.09798500686883926 0.19358094036579132
0.10321763902902603 -0.2819048762321472 -0.11384294182062149 0.19505223631858826
0.11128693073987961 -0.31267058849334717 -0.12879657745361328 0.19630944728851318
0.11843691021203995 -0.34247398376464844 -0.1426706612110138 0.1973806619644165
0.12467949837446213 -0.3711405396461487 -0.15534421801567078 0.19829200208187103
0.1300448179244995 -0.3985169529914856 -0.166736900806427 0.19906488060951233
0.13457274436950684 -0.42450201511383057 -0.17680615186691284 0.19971680641174316
0.13830995559692383 -0.4490318298339844 -0.18554902076721191 0.20026196539402008
0.14131072163581848 -0.4720708727836609 -0.19299811124801636 0.2007112056016922
0.1436363160610199 -0.49361175298690796 -0.19921517372131348 0.20107266306877136
0.14535200595855713 -0.5136744976043701 -0.20428282022476196 0.20135235786437988
0.14652445912361145 -0.5323014259338379 -0.20829766988754272 0.20155581831932068
0.14721882343292236 -0.5495518445968628 -0.2113640010356903 0.2016885131597519
0.14749741554260254 -0.5654969811439514 -0.2135884165763855 0.2017565667629242
0.14741837978363037 -0.5802163481712341 -0.2150753140449524 0.20176690816879272
0.027983099222183228 -0.2939399778842926 -0.030801407992839813 0.16785027086734772
0.11545085161924362 -0.3809594511985779 -0.10508031398057938 0.18399056792259216
0.16656583547592163 -0.4204767346382141 -0.16324979066848755 0.19012632966041565
0.19267576932907104 -0.43121665716171265 -0.2015354335308075 0.19579437375068665
0.22957143187522888 -0.4704204201698303 -0.23508220911026 0.1949480026960373
0.2590084373950958 -0.5053484439849854 -0.26608362793922424 0.191812202334404
0.2796905040740967 -0.5350700616836548 -0.2937089800834656 0.18867646157741547
0.2939355969429016 -0.5607346296310425 -0.31663334369659424 0.18630121648311615
0.3041791319847107 -0.5844283103942871 -0.3351846933364868 0.1844041347503662
0.3106374442577362 -0.6058216094970703 -0.35017189383506775 0.18307596445083618
0.3140227794647217 -0.6249779462814331 -0.362529993057251 0.18224386870861053
0.3151503801345825 -0.6420989632606506 -0.3728645145893097 0.1817551851272583
0.31468361616134644 -0.6574189066886902 -0.38161155581474304 0.18145497143268585
0.31306976079940796 -0.67110675573349 -0.3891129791736603 0.1812436431646347
