-0.41474100947380066 -0.09563060104846954 0.9049000144004822 0.169172003865242
-0.4223270118236542 -0.0977846011519432 0.9011539816856384 0.17024099826812744
-0.428164005279541 -0.0998385027050972 0.8981689810752869 0.17255400121212006
-0.43358299136161804 -0.10217099636793137 0.8953030109405518 0.17548799514770508
-0.43493199348449707 -0.09957350045442581 0.894940972328186 0.1801459938287735
-0.43695101141929626 -0.09843680262565613 0.8940830230712891 0.18438899517059326
-0.4392690062522888 -0.09904050081968307 0.8928800225257874 0.18801100552082062
-0.44366300106048584 -0.10115499794483185 0.8904669880867004 0.19017300009727478
-0.4490079879760742 -0.10427100211381912 0.8874229788780212 0.19129900634288788
-0.4547800123691559 -0.10812100023031235 0.8840159773826599 0.19169600307941437
-0.46088701486587524 -0.11171100288629532 0.8804000020027161 0.19144700467586517
-0.4678660035133362 -0.11426100134849548 0.8763819932937622 0.1905509978532791
-0.47571098804473877 -0.11569999903440475 0.8719589710235596 0.18906399607658386
-0.4841339886188507 -0.11469999700784683 0.8674430251121521 0.18706099689006805
-0.49330800771713257 -0.11183399707078934 0.8626360297203064 0.18485699594020844
-0.5037760138511658 -0.10717199742794037 0.8571599721908569 0.18224099278450012
-0.5143679976463318 -0.10075200349092484 0.8516299724578857 0.17966799437999725
-0.5250890254974365 -0.09244059771299362 0.8460119962692261 0.1770389974117279
-0.5354390144348145 -0.08306460082530975 0.8404790163040161 0.17461800575256348
-0.544579029083252 -0.07165209949016571 0.835644006729126 0.17239099740982056
-0.5522410273551941 -0.06021619960665703 0.8315070271492004 0.170414999127388
-0.5581240057945251 -0.0482322983443737 0.828354001045227 0.16842499375343323
-0.5615159869194031 -0.03656499832868576 0.8266569972038269 0.1669989973306656
-0.5623170137405396 -0.026349399238824844 0.8265020251274109 0.1659640073776245
-0.5606309771537781 -0.017538700252771378 0.8278800249099731 0.16502299904823303
-0.5560470223426819 -0.009248870424926281 0.8310999870300293 0.16457200050354004
-0.5494199991226196 -0.002422410063445568 0.8355429768562317 0.16484400629997253
-0.5416780114173889 0.0036385899875313044 0.840578019618988 0.1652580052614212
-0.5334200263023376 0.009914020076394081 0.8457930088043213 0.1658399999141693
-0.5253769755363464 0.016179699450731277 0.8507159948348999 0.16686700284481049
-0.5182520151138306 0.022625800222158432 0.8549289703369141 0.16804899275302887
-0.5114539861679077 0.029577400535345078 0.8588020205497742 0.16943000257015228
-0.5064510107040405 0.03786800056695938 0.8614370226860046 0.17061500251293182
-0.5019339919090271 0.04591180011630058 0.8636860251426697 0.17178000509738922
-0.4971280097961426 0.053422000259160995 0.8660309910774231 0.17289699614048004
-0.49155300855636597 0.060432299971580505 0.8687480092048645 0.17371800541877747
-0.4854080080986023 0.06719029694795609 0.8717020153999329 0.17403000593185425
-0.477293998003006 0.07305359840393066 0.8757020235061646 0.1743669956922531
-0.4688059985637665 0.07927779853343964 0.8797360062599182 0.17427800595760345
-0.46029698848724365 0.08633539825677872 0.8835570216178894 0.1737319976091385
-0.45221298933029175 0.09493459761142731 0.8868430256843567 0.17289100587368011
-0.44541099667549133 0.1045370027422905 0.8892030119895935 0.17169000208377838
-0.43981799483299255 0.11572500318288803 0.8906000256538391 0.17040300369262695
-0.43522998690605164 0.12935300171375275 0.890978991985321 0.16908900439739227
-0.43160200119018555 0.145006000995636 0.8903329968452454 0.16786600649356842
-0.42835500836372375 0.16177499294281006 0.889011025428772 0.1669660061597824
-0.42466500401496887 0.1804399937391281 0.8871870040893555 0.16666799783706665
-0.420058012008667 0.1992579996585846 0.8853520154953003 0.16667400300502777
-0.41445499658584595 0.21773700416088104 0.8836389780044556 0.16708000004291534
-0.40762099623680115 0.23512500524520874 0.8823609948158264 0.16781799495220184
-0.3998349905014038 0.25225698947906494 0.8811920285224915 0.1687529981136322
-0.38992100954055786 0.268314003944397 0.8808910250663757 0.16975900530815125
-0.37916600704193115 0.2830269932746887 0.880981981754303 0.17093899846076965
-0.3679800033569336 0.2965959906578064 0.8812609910964966 0.17200300097465515
-0.356550008058548 0.3091210126876831 0.8816559910774231 0.17294399440288544
-0.3445729911327362 0.3197300136089325 0.8826339840888977 0.17394599318504333
-0.33368998765945435 0.3287610113620758 0.8834969997406006 0.17485100030899048
-0.3234330117702484 0.3365119993686676 0.8843929767608643 0.1756020039319992
-0.3135159909725189 0.3422279953956604 0.8857700228691101 0.17685100436210632
-0.30472201108932495 0.346125990152359 0.8873230218887329 0.17834000289440155
-0.29753899574279785 0.3487139940261841 0.8887460231781006 0.17974700033664703
-0.2929629981517792 0.34833699464797974 0.8904119729995728 0.1811089962720871
-0.2886509895324707 0.3484260141849518 0.8917850255966187 0.18229399621486664
-0.2851719856262207 0.34743499755859375 0.8932890295982361 0.18316799402236938
-0.28241100907325745 0.34550800919532776 0.8949120044708252 0.18343999981880188
-0.2796429991722107 0.3442060053348541 0.8962820172309875 0.18254199624061584
-0.2761709988117218 0.34404700994491577 0.8974189758300781 0.18078400194644928
-0.27379098534584045 0.3425300121307373 0.8987280130386353 0.17837999761104584
-0.27130699157714844 0.34077998995780945 0.9001449942588806 0.1755789965391159
-0.2692430019378662 0.34061700105667114 0.9008259773254395 0.17218899726867676
-0.2684909999370575 0.33876898884773254 0.9017469882965088 0.16888099908828735
-0.26866599917411804 0.3367379903793335 0.9024559855461121 0.16565200686454773
-0.2713499963283539 0.3307749927043915 0.9038569927215576 0.1619420051574707
-0.27696698904037476 0.32276099920272827 0.9050499796867371 0.15782199800014496
-0.2833069860935211 0.31119099259376526 0.9071369767189026 0.1541460007429123
-0.29147300124168396 0.29659798741340637 0.9094359874725342 0.1505119949579239
-0.3035759925842285 0.2767919898033142 0.9117169976234436 0.14619900286197662
-0.3184570074081421 0.2545129954814911 0.9131309986114502 0.14225000143051147
-0.33640098571777344 0.22693799436092377 0.9139660000801086 0.13856999576091766
-0.35808300971984863 0.19171899557113647 0.9137939810752869 0.13524700701236725
-0.3833810091018677 0.15152700245380402 0.911076009273529 0.13248300552368164
-0.40859100222587585 0.10847900062799454 0.9062479734420776 0.1312119960784912
-0.43286600708961487 0.06287260353565216 0.8992630243301392 0.13134199380874634
-0.4571000039577484 0.013577600009739399 0.8893120288848877 0.13162800669670105
-0.4824970066547394 -0.03323590010404587 0.8752670288085938 0.13206599652767181
-0.5068950057029724 -0.0783568024635315 0.858439028263092 0.13300800323486328
-0.531440019607544 -0.11611100286245346 0.8391010165214539 0.13386499881744385
-0.5556399822235107 -0.15042300522327423 0.8177030086517334 0.1343279927968979
-0.5761359930038452 -0.1754550039768219 0.79830002784729 0.13589100539684296
-0.5930690169334412 -0.20198599994182587 0.7794039845466614 0.1372459977865219
-0.6050639748573303 -0.22286799550056458 0.7643479704856873 0.13920600712299347
-0.6129469871520996 -0.24397599697113037 0.7515130043029785 0.1416420042514801
-0.6203550100326538 -0.2649880051612854 0.7382010221481323 0.14338800311088562
-0.6271139979362488 -0.2851719856262207 0.7248489856719971 0.1445309966802597
-0.6317330002784729 -0.2894830107688904 0.7191060185432434 0.14709900319576263
-0.6363880038261414 -0.29203999042510986 0.7139490246772766 0.14986300468444824
-0.6423649787902832 -0.29812800884246826 0.7060359716415405 0.15067799389362335
-0.6466559767723083 -0.30083099007606506 0.700954020023346 0.1519159972667694
-0.6499300003051758 -0.30073800683021545 0.6979600191116333 0.15331700444221497
-0.6537209749221802 -0.30734699964523315 0.6915109753608704 0.15323500335216522
-0.6570619940757751 -0.31328099966049194 0.6856570243835449 0.1520709991455078
-0.6573699712753296 -0.31226301193237305 0.685824990272522 0.153205007314682
-0.6562910079956055 -0.30831998586654663 0.6886360049247742 0.15441299974918365
-0.65631502866745 -0.30612000823020935 0.6895949840545654 0.1547439992427826
-0.6577249765396118 -0.306071013212204 0.6882719993591309 0.15463100373744965
-0.6584889888763428 -0.3053019940853119 0.6878830194473267 0.15505799651145935
-0.6598610281944275 -0.30531400442123413 0.6865609884262085 0.1544319987297058
-0.6593310236930847 -0.3019059896469116 0.688575029373169 0.15460799634456635
-0.660368025302887 -0.3008759915828705 0.6880319714546204 0.15423400700092316
-0.6571099758148193 -0.2920910120010376 0.6949030160903931 0.15568499267101288
-0.6563109755516052 -0.28778401017189026 0.6974499821662903 0.15609100461006165
-0.6544960141181946 -0.27841800451278687 0.7029359936714172 0.1575160026550293
-0.6562889814376831 -0.2766309976577759 0.7019680142402649 0.1573600023984909
-0.6553800106048584 -0.2702069878578186 0.7053120136260986 0.15850099921226501
-0.6569330096244812 -0.26667800545692444 0.7052099704742432 0.15867799520492554
-0.6564260125160217 -0.257968008518219 0.7089130282402039 0.16007700562477112
-0.6538879871368408 -0.25554099678993225 0.7121300101280212 0.16165399551391602
-0.651652991771698 -0.2517569959163666 0.7155190110206604 0.16332599520683289
-0.6474829912185669 -0.24627600610256195 0.721189022064209 0.16574600338935852
-0.6457909941673279 -0.24415899813175201 0.7234219908714294 0.1674409955739975
-0.6440719962120056 -0.24329300224781036 0.7252439856529236 0.16892500221729279
-0.6447550058364868 -0.24081799387931824 0.7254639863967896 0.16971799731254578
-0.6443489789962769 -0.23667599260807037 0.7271860241889954 0.17102700471878052
-0.6451669931411743 -0.2352139949798584 0.726934015750885 0.17174500226974487
-0.6449670195579529 -0.2340099960565567 0.7275009751319885 0.17273999750614166
-0.6433240175247192 -0.23295199871063232 0.7292929887771606 0.1741109937429428
-0.643060028553009 -0.23372000455856323 0.7292799949645996 0.17485900223255157
-0.6412109732627869 -0.23409000039100647 0.7307869791984558 0.17613999545574188
-0.6382560133934021 -0.23296000063419342 0.7337290048599243 0.17771600186824799
-0.6377829909324646 -0.2352920025587082 0.7333959937095642 0.17823900282382965
-0.639926016330719 -0.24025900661945343 0.7299110293388367 0.17783799767494202
-0.6391040086746216 -0.24275299906730652 0.7298060059547424 0.17861300706863403
-0.6405670046806335 -0.24696999788284302 0.7271029949188232 0.17854300141334534
-0.6434360146522522 -0.2530440092086792 0.7224680185317993 0.17823299765586853
-0.6415730118751526 -0.25343799591064453 0.7239840030670166 0.17982499301433563
-0.6417199969291687 -0.2553369998931885 0.7231860160827637 0.18063999712467194
-0.6412739753723145 -0.2562589943408966 0.72325599193573 0.18171100318431854
-0.642300009727478 -0.25505000352859497 0.7227720022201538 0.18258599936962128
-0.6427000164985657 -0.25155600905418396 0.7236409783363342 0.18387800455093384
-0.6467390060424805 -0.2532379925251007 0.7194439768791199 0.18356899917125702
-0.6482099890708923 -0.25193101167678833 0.7185779809951782 0.18434199690818787
-0.6514279842376709 -0.25140300393104553 0.7158480286598206 0.18434199690818787
